2490 2645 0
3705 3846 20
4061 4202 20
4950 5364 0
5444 5579 0
6034 6182 0
6574 6722 20
7301 7429 31
7875 8087 20
8285 8440 20
11040 11272 20
11565 11783 20
12917 12974 30
13844 13926 0
14796 14943 0
15443 15560 0
18297 18414 10
18408 18481 10
18496 18561 10
18594 18626 10
18637 18664 10
18675 18723 10
18740 18847 10
18859 18962 10
19104 19161 10
19480 19519 10
19530 19577 10
22274 22321 0
65138 65259 31
65427 65597 11
74600 74744 31
77797 77941 31
78204 78360 11
78764 78910 31
78973 79154 11
79219 79334 31
84439 84469 10
